                   MONTHLY CLIMATOLOGICAL SUMMARY for lug 2014


NAME: Villar Focchiardo                  
ELEV: 430 meters    LAT: 45-06.28 N    LONG: 007-15.21 E


                   TEMPERATURE (°C), RAIN (mm), WIND SPEED (km/h)

                                         HEAT   COOL         AVG
      MEAN                               DEG    DEG          WIND                   DOM
DAY   TEMP   HIGH   TIME    LOW   TIME   DAYS   DAYS   RAIN  SPEED   HIGH   TIME    DIR
---------------------------------------------------------------------------------------
 01   20,0   25,5  14:47   14,8  05:57    0,0    1,7    0,0    4,5   25,6  11:44    130
 02   19,2   24,8  15:39   15,9  07:33    0,0    0,9    4,8    3,3   23,4  13:33    134
 03   21,5   27,6  14:16   13,7  06:12    0,0    3,1    0,0    5,4   35,6  14:54    110
 04   18,5   21,6  00:07   15,4  23:32    0,0    0,2    6,0    4,6   24,5  11:29    160
 05   20,9   28,8  16:34   13,5  05:50    0,0    2,6    0,3    3,8   24,5  15:42    121
 06   21,2   27,9  14:24   16,3  05:28    0,0    2,9    3,3    3,6   29,5  13:15    132
 07   17,9   24,3  11:30   15,0  15:32    0,5    0,0   81,0    3,6   46,4  14:12    205
 08   18,7   25,9  21:20   14,1  01:44    0,0    0,4    1,2    9,0   58,7  19:07    277
 09   19,4   21,4  09:26   16,9  05:08    0,0    1,0    0,0    9,7   47,9  00:27    320
 10
 11
 12
 13
 14
 15
 16
 17
 18
 19
 20
 21
 22
 23
 24
 25
 26
 27
 28
 29
 30
 31
---------------------------------------------------------------------------------------
      19,7   28,8     05   13,5     05    0,5   12,8   96,6    5,0   58,7     08    148
    
