                     CLIMATOLOGICAL SUMMARY for year 2014


NAME: Villar Focchiardo                  
ELEV: 430 meters    LAT: 45-06.28 N    LONG: 007-15.21 E


                                       TEMPERATURE (°C)

                              HEAT    COOL                              MAX    MAX    MIN    MIN
          MEAN   MEAN         DEG     DEG                                >=     <=     <=     <=
 YR  MO   MAX    MIN    MEAN  DAYS    DAYS      HI  DAY     LOW  DAY     30      0      0    -20
------------------------------------------------------------------------------------------------
2014 01
2014 02
2014 03
2014 04
2014 05   21,8   12,2   16,4   29,5    0,3    26,3   30     9,3   24      0      0      0      0
2014 06   27,0   15,5   20,7   12,0   86,3    34,4   11     9,6   05      6      0      0      0
2014 07   25,6   15,1   19,8    0,5   13,6    28,8   05    13,5   05      0      0      0      0
2014 08
2014 09
2014 10
2014 11
2014 12
------------------------------------------------------------------------------------------------
          25,4   14,5   19,5   42,0  100,2    34,4  giu     9,3  mag      6      0      0      0


                  PRECIPITATION (mm)

                  MAX         ---DAYS OF RAIN---
                  OBS.               OVER
 YR  MO  TOTAL    DAY  DATE   0.30   3.00  30.00
------------------------------------------------
2014 01
2014 02
2014 03
2014 04
2014 05   45,7   14,1    22      7      4      0
2014 06   57,0   16,5    15      9      4      0
2014 07   96,6   81,0    07      5      4      1
2014 08
2014 09
2014 10
2014 11
2014 12
------------------------------------------------
         359,3  152,4   gen     23     14      2


           WIND SPEED (km/h)

                                DOM
 YR  MO    AVG     HI   DATE    DIR
-----------------------------------
2014 01
2014 02
2014 03
2014 04
2014 05    4,0   42,8     28    130 
2014 06    4,6   43,9     29    127 
2014 07    5,1   58,7     08    151 
2014 08
2014 09
2014 10
2014 11
2014 12
-----------------------------------
           4,6   58,7    lug    130

