01;13,5;18,6;13:31:39;9,4;23:59:00;4,9;0,0;0,0;3;13;12:21:28;250
02;11,9;19,9;12:58:17;7,0;06:42:53;6,4;0,0;0,0;3;21;15:15:14;220
03;10,3;14,7;13:11:07;5,9;07:38:53;8,1;0,0;1,2;4;21;23:16:40;176
04;10,1;10,7;00:10:00;9,1;23:23:04;8,2;0,0;35,7;5;21;02:47:04;169
05;9,7;12,0;15:07:48;7,7;00:00:00;8,6;0,0;3,9;1;13;02:37:33;275
06;9,5;13,3;13:49:19;6,4;04:11:02;8,9;0,0;0,0;3;19;14:59:02;227
07;9,8;17,5;13:41:29;5,3;07:03:57;8,5;0,0;0,0;3;18;11:52:48;241
08;11,0;19,2;12:25:14;5,7;02:31:01;7,4;0,0;0,0;3;23;15:26:14;221
09;8,7;10,4;12:54:20;6,1;06:05:00;9,6;0,0;13,2;1;10;05:52:25;263
10;9,5;11,1;15:12:18;8,2;01:38:03;8,8;0,0;5,7;0;6;02:38:07;204
11;10,5;11,3;14:55:27;9,8;00:07:04;7,8;0,0;21,3;3;16;03:29:29;165
12;10,7;12,6;13:28:36;9,4;07:06:00;7,6;0,0;10,8;1;9;14:09:07;311
13;10,9;18,8;13:29:18;7,1;04:56:28;7,5;0,0;0,3;2;21;15:57:08;252
14;10,8;13,8;15:12:14;7,2;03:28:19;7,5;0,0;2,7;1;17;23:53:07;207
15;9,7;10,7;00:11:00;7,7;23:57:00;8,6;0,0;22,5;3;23;19:29:46;205
16;8,5;13,9;13:09:00;5,5;07:34:14;9,8;0,0;0,0;3;21;13:15:36;189
17;6,7;7,7;14:17:49;4,4;23:59:40;11,6;0,0;15,3;1;11;14:49:17;207
18;6,0;12,4;13:36:37;1,9;04:42:42;12,3;0,0;0,3;3;18;23:22:34;227
19;7,1;14,0;12:43:00;2,3;08:24:28;11,3;0,0;0,0;2;13;00:07:26;262
20;7,4;14,8;13:22:00;3,6;07:58:00;11,0;0,0;0,0;2;13;15:14:00;250
21;6,6;14,4;13:09:08;3,0;07:08:28;11,7;0,0;0,0;2;13;13:31:45;242
22;6,9;14,7;12:58:45;2,7;07:51:27;11,4;0,0;0,0;1;10;15:22:04;242
23;8,1;14,7;13:14:33;4,8;00:44:52;10,3;0,0;0,0;1;11;12:33:12;246
24;9,7;14,9;13:57:50;6,3;06:33:15;8,6;0,0;0,0;1;10;00:57:07;240
25;10,2;13,0;14:07:23;7,9;06:54:42;8,1;0,0;0,0;1;12;18:14:35;208
26;8,5;10,0;00:57:58;7,6;21:38:45;9,9;0,0;1,8;2;19;08:19:22;147
27;7,1;7,7;00:00:18;6,5;08:22:39;11,2;0,0;3,6;2;12;01:43:14;138
28;7,5;9,7;21:04:19;6,6;05:31:38;10,8;0,0;9,9;1;11;07:58:29;153
29;9,6;10,5;22:07:21;9,4;20:45:00;8,7;0,0;1,5;0;9;21:44:55;169
30;10,5;11,4;14:59:00;9,8;00:02:02;7,8;0,0;7,8;0;7;00:35:08;226
!EOM!
9,2;19,9;02;1,9;18;272,8;0,0;157,5;2;23;08;207
!EOF!

